neg 789546212 50 17500 deadpool 350 
assdsd -695373390 80 28000 deadpool 350 
Sujit 1286608618 3 1050 Avenger 350 
bobby -1576207328 6 3000 prabhas 500 
bobby 497722305 900 13500 350 15 
BOBBY 98778 19 285 350 15 
bobby 1234567890 3 900 further 300 
bbbb 87 9 2700 further 300 
mm 9876 8 2400 further 300 
nk 98765 9 2700 further 300 
bbb 32 3 900 further 300 
bb 987654 9 135 350 15 
g 3 2 30 350 15 
bobby 321 1 15 350 15 
bobby 321 5 1750 Avenger 350 
sriram 851778839 3 900 pushpa 300 
manish 987654321 2 600 pushpa 300 
4+ 65654 2 600 pushpa 300 
